{
 "cells": [
  {
   "attachments": {},
   "cell_type": "markdown",
   "metadata": {},
   "source": [
    "## 离群点检测 信用卡欺诈检测"
   ]
  },
  {
   "attachments": {},
   "cell_type": "markdown",
   "metadata": {},
   "source": [
    "### 1. 读取数据 \n",
    "`creditcard-data.csv`"
   ]
  },
  {
   "cell_type": "code",
   "execution_count": 31,
   "outputs": [],
   "source": [
    "from sklearn.neighbors import LocalOutlierFactor\n",
    "from sklearn.svm import OneClassSVM\n",
    "import pandas as pd\n",
    "import numpy as np\n",
    "import matplotlib.pyplot as plt\n",
    "\n",
    "# 读取数据\n",
    "data = pd.read_csv('creditcard_data.csv')"
   ],
   "metadata": {
    "collapsed": false,
    "ExecuteTime": {
     "end_time": "2023-05-11T03:18:08.021780400Z",
     "start_time": "2023-05-11T03:18:07.090569100Z"
    }
   }
  },
  {
   "attachments": {},
   "cell_type": "markdown",
   "metadata": {},
   "source": [
    "### 2. 检查数据，提取异常，分析数据分布 \n",
    "* 预处理. For example, remove NaN data\n",
    "* 观察数据统计信息\n",
    "* 观察和解释数据协方差矩阵"
   ]
  },
  {
   "cell_type": "code",
   "execution_count": 32,
   "outputs": [
    {
     "name": "stdout",
     "output_type": "stream",
     "text": [
      "正常值个数: 284314\n",
      "异常值个数: 492\n",
      "正常值的特征:\n",
      "Time      94837.928076\n",
      "V1            0.008260\n",
      "V2           -0.006270\n",
      "V3            0.012168\n",
      "V4           -0.007858\n",
      "V5            0.005453\n",
      "V6            0.002421\n",
      "V7            0.009631\n",
      "V8           -0.000986\n",
      "V9            0.004465\n",
      "V10           0.009827\n",
      "V11          -0.006572\n",
      "V12           0.010832\n",
      "V13           0.000190\n",
      "V14           0.012065\n",
      "V15           0.000161\n",
      "V16           0.007165\n",
      "V17           0.011537\n",
      "V18           0.003887\n",
      "V19          -0.001177\n",
      "V20          -0.000646\n",
      "V21          -0.001236\n",
      "V22          -0.000027\n",
      "V23           0.000068\n",
      "V24           0.000182\n",
      "V25          -0.000070\n",
      "V26          -0.000086\n",
      "V27          -0.000295\n",
      "V28          -0.000131\n",
      "Amount       88.290570\n",
      "Class         0.000000\n",
      "dtype: float64\n",
      "异常值的特征:\n",
      "Time      80746.806911\n",
      "V1           -4.771948\n",
      "V2            3.623778\n",
      "V3           -7.033281\n",
      "V4            4.542029\n",
      "V5           -3.151225\n",
      "V6           -1.397737\n",
      "V7           -5.568731\n",
      "V8            0.570636\n",
      "V9           -2.581123\n",
      "V10          -5.676883\n",
      "V11           3.800173\n",
      "V12          -6.259393\n",
      "V13          -0.109334\n",
      "V14          -6.971723\n",
      "V15          -0.092929\n",
      "V16          -4.139946\n",
      "V17          -6.665836\n",
      "V18          -2.246308\n",
      "V19           0.680659\n",
      "V20           0.372319\n",
      "V21           0.713588\n",
      "V22           0.014049\n",
      "V23          -0.040308\n",
      "V24          -0.105130\n",
      "V25           0.041449\n",
      "V26           0.051648\n",
      "V27           0.170575\n",
      "V28           0.075667\n",
      "Amount      122.211321\n",
      "Class         1.000000\n",
      "dtype: float64\n",
      "协方差矩阵:\n",
      "[[ 2.25511057e+09  1.09197821e+04 -8.30654076e+02 -3.02145439e+04\n",
      "  -7.07726388e+03  1.13441176e+04 -3.98670446e+03  4.97632491e+03\n",
      "  -2.09557727e+03 -4.51966856e+02  1.58336419e+03 -1.20057025e+04\n",
      "   5.90037272e+03 -3.11473475e+03 -4.49559354e+03 -7.97414044e+03\n",
      "   4.95382263e+02 -2.95615851e+03  3.59971505e+03  1.12018027e+03\n",
      "  -1.86230616e+03  1.56036908e+03  4.96443643e+03  1.51650147e+03\n",
      "  -4.65411673e+02 -5.76974530e+03 -9.48004661e+02 -9.84182885e+01\n",
      "  -1.47548540e+02 -1.25896637e+05 -2.43003290e+01]\n",
      " [ 1.09197821e+04  3.83650172e+00 -3.55341419e-07  1.31728194e-06\n",
      "  -9.48201414e-07 -2.35063287e-08 -1.21667453e-06  2.95359196e-06\n",
      "  -7.76598330e-07  9.10570971e-07 -1.71451815e-06 -1.94868205e-06\n",
      "  -5.90235670e-08 -3.52279769e-07 -1.57917590e-07  7.74132339e-08\n",
      "  -5.66782426e-07 -1.23682385e-06  3.13580410e-07 -4.79688502e-07\n",
      "   7.17228090e-07  4.88932413e-07  1.20443187e-06  7.05666150e-07\n",
      "   1.64754856e-08 -8.87100662e-07 -1.53253969e-06 -4.51763024e-09\n",
      "   2.55625688e-08 -1.11556717e+02 -8.24353349e-03]\n",
      " [-8.30654076e+02 -3.55341419e-07  2.72682947e+00  4.68561552e-07\n",
      "  -3.37277823e-07 -8.36197173e-09 -4.32765517e-07  1.05059551e-06\n",
      "  -2.76235564e-07  3.23888103e-07 -6.09844677e-07 -6.93143463e-07\n",
      "  -2.09926421e-08 -1.25307392e-07 -5.61712542e-08  2.75362314e-08\n",
      "  -2.01603378e-07 -4.39932917e-07  1.11539980e-07 -1.70622583e-07\n",
      "   2.55116619e-07  1.73916330e-07  4.28411578e-07  2.50999754e-07\n",
      "   5.86136169e-09 -3.15540442e-07 -5.45121013e-07 -1.60970971e-09\n",
      "   9.09413499e-09 -2.19486118e+02  6.26006741e-03]\n",
      " [-3.02145439e+04  1.31728194e-06  4.68561552e-07  2.29903558e+00\n",
      "   1.25026195e-06  3.09737281e-08  1.60425977e-06 -3.89448746e-06\n",
      "   1.02399710e-06 -1.20064513e-06  2.26068809e-06  2.56946395e-06\n",
      "   7.78188902e-08  4.64503050e-07  2.08222823e-07 -1.02074090e-07\n",
      "   7.47333898e-07  1.63083096e-06 -4.13477512e-07  6.32491793e-07\n",
      "  -9.45706831e-07 -6.44693060e-07 -1.58811455e-06 -9.30465284e-07\n",
      "  -2.17224269e-08  1.16969902e-06  2.02074868e-06  5.96163783e-09\n",
      "  -3.37040617e-08 -7.99761473e+01 -1.21499730e-02]\n",
      " [-7.07726388e+03 -9.48201414e-07 -3.37277823e-07  1.25026195e-06\n",
      "   2.00468996e+00 -2.23018583e-08 -1.15476490e-06  2.80330795e-06\n",
      "  -7.37086638e-07  8.64237807e-07 -1.62727713e-06 -1.84952936e-06\n",
      "  -5.60172456e-08 -3.34355391e-07 -1.49883943e-07  7.34768576e-08\n",
      "  -5.37940961e-07 -1.17389397e-06  2.97624042e-07 -4.55277756e-07\n",
      "   6.80730897e-07  4.64056053e-07  1.14314492e-06  6.69759969e-07\n",
      "   1.56363024e-08 -8.41962810e-07 -1.45456233e-06 -4.29431626e-09\n",
      "   2.42611607e-08  3.49649076e+01  7.84634204e-03]\n",
      " [ 1.13441176e+04 -2.35063287e-08 -8.36197173e-09  3.09737281e-08\n",
      "  -2.23018583e-08  1.90508774e+00 -2.86158866e-08  6.94943488e-08\n",
      "  -1.82688027e-08  2.14147965e-08 -4.03258269e-08 -4.58332539e-08\n",
      "  -1.38565735e-09 -8.28562994e-09 -3.71430691e-09  1.81873469e-09\n",
      "  -1.33305004e-08 -2.90895358e-08  7.37660019e-09 -1.12813352e-08\n",
      "   1.68687649e-08  1.14978567e-08  2.83284576e-08  1.66002274e-08\n",
      "   3.87291873e-10 -2.08632854e-08 -3.60449735e-08 -1.07578390e-10\n",
      "   6.05840102e-10 -1.33381253e+02 -5.44373401e-03]\n",
      " [-3.98670446e+03 -1.21667453e-06 -4.32765517e-07  1.60425977e-06\n",
      "  -1.15476490e-06 -2.86158866e-08  1.77495101e+00  3.59702905e-06\n",
      "  -9.45787526e-07  1.10894218e-06 -2.08801884e-06 -2.37320649e-06\n",
      "  -7.18801597e-08 -4.29023912e-07 -1.92321129e-07  9.42772423e-08\n",
      "  -6.90252245e-07 -1.50626904e-06  3.81895960e-07 -5.84182238e-07\n",
      "   8.73473624e-07  5.95453750e-07  1.46681286e-06  8.59399001e-07\n",
      "   2.00674178e-08 -1.08035927e-06 -1.86640413e-06 -5.50834330e-09\n",
      "   3.11318881e-08  7.19714776e+01 -2.41459098e-03]\n",
      " [ 4.97632491e+03  2.95359196e-06  1.05059551e-06 -3.89448746e-06\n",
      "   2.80330795e-06  6.94943488e-08  3.59702905e-06  1.53039721e+00\n",
      "   2.29599519e-06 -2.69205462e-06  5.06886909e-06  5.76118662e-06\n",
      "   1.74492575e-07  1.04150010e-06  4.66876480e-07 -2.28868873e-07\n",
      "   1.67565523e-06  3.65661202e-06 -9.27087328e-07  1.41815717e-06\n",
      "  -2.12043849e-06 -1.44551454e-06 -3.56083105e-06 -2.08627917e-06\n",
      "  -4.87144373e-08  2.62266974e-06  4.53087599e-06  1.33673261e-08\n",
      "  -7.55761448e-08  1.22936564e+02 -9.61996092e-03]\n",
      " [-2.09557727e+03 -7.76598330e-07 -2.76235564e-07  1.02399710e-06\n",
      "  -7.37086638e-07 -1.82688027e-08 -9.45787526e-07  2.29599519e-06\n",
      "   1.42648326e+00  7.07833078e-07 -1.33278553e-06 -1.51481729e-06\n",
      "  -4.58807873e-08 -2.73846353e-07 -1.22760584e-07  6.01797988e-08\n",
      "  -4.40591030e-07 -9.61451533e-07  2.43765249e-07 -3.72882454e-07\n",
      "   5.57539706e-07  3.80073748e-07  9.36265204e-07  5.48555969e-07\n",
      "   1.28074586e-08 -6.89594275e-07 -1.19132675e-06 -3.51817179e-09\n",
      "   1.98723941e-08 -3.07929121e+01  9.85769717e-04]\n",
      " [-4.51966856e+02  9.10570971e-07  3.23888103e-07 -1.20064513e-06\n",
      "   8.64237807e-07  2.14147965e-08  1.10894218e-06 -2.69205462e-06\n",
      "   7.07833078e-07  1.20699588e+00  1.56269603e-06  1.77613163e-06\n",
      "   5.37928036e-08  3.21088138e-07  1.43932523e-07 -7.05581079e-08\n",
      "   5.16593950e-07  1.12730581e-06 -2.85813451e-07  4.37207868e-07\n",
      "  -6.53716990e-07 -4.45639897e-07 -1.09777856e-06 -6.43184294e-07\n",
      "  -1.50171444e-08  8.08549154e-07  1.39683638e-06  4.12417151e-09\n",
      "  -2.33001204e-08 -1.21585103e+01 -4.45888112e-03]\n",
      " [ 1.58336419e+03 -1.71451815e-06 -6.09844677e-07  2.26068809e-06\n",
      "  -1.62727713e-06 -4.03258269e-08 -2.08801884e-06  5.06886909e-06\n",
      "  -1.33278553e-06  1.56269603e-06  1.18559503e+00 -3.34427599e-06\n",
      "  -1.01289768e-07 -6.04576198e-07 -2.71012495e-07  1.32856777e-07\n",
      "  -9.72691465e-07 -2.12260508e-06  5.38156999e-07 -8.23220007e-07\n",
      "   1.23088755e-06  8.39098859e-07  2.06700436e-06  1.21105022e-06\n",
      "   2.82772555e-08 -1.52241610e-06 -2.63010200e-06 -7.76268535e-09\n",
      "   4.38726400e-08 -2.76431036e+01 -9.80680800e-03]\n",
      " [-1.20057025e+04 -1.94868205e-06 -6.93143463e-07  2.56946395e-06\n",
      "  -1.84952936e-06 -4.58332539e-08 -2.37320649e-06  5.76118662e-06\n",
      "  -1.51481729e-06  1.77613163e-06 -3.34427599e-06  1.04185494e+00\n",
      "  -1.15123498e-07 -6.87152122e-07 -3.08030793e-07  1.51001088e-07\n",
      "  -1.10554409e-06 -2.41251589e-06  6.11660711e-07 -9.35657785e-07\n",
      "   1.39900348e-06  9.53706056e-07  2.34932202e-06  1.37645924e-06\n",
      "   3.21382481e-08 -1.73035472e-06 -2.98932763e-06 -8.82533919e-09\n",
      "   4.98613739e-08  2.70155069e-02  6.56478389e-03]\n",
      " [ 5.90037272e+03 -5.90235670e-08 -2.09926421e-08  7.78188902e-08\n",
      "  -5.60172456e-08 -1.38565735e-09 -7.18801597e-08  1.74492575e-07\n",
      "  -4.58807873e-08  5.37928036e-08 -1.01289768e-07 -1.15123498e-07\n",
      "   9.98406919e-01 -2.08110284e-08 -9.32993026e-09  4.57376644e-09\n",
      "  -3.34866511e-08 -7.30705547e-08  1.85238335e-08 -2.83402044e-08\n",
      "   4.23747248e-08  2.88861225e-08  7.11537793e-08  4.16892747e-08\n",
      "   9.71652589e-10 -5.24078085e-08 -9.05396601e-08 -2.67009543e-10\n",
      "   1.50777802e-09 -2.38468477e+00 -1.08130877e-02]\n",
      " [-3.11473475e+03 -3.52279769e-07 -1.25307392e-07  4.64503050e-07\n",
      "  -3.34355391e-07 -8.28562994e-09 -4.29023912e-07  1.04150010e-06\n",
      "  -2.73846353e-07  3.21088138e-07 -6.04576198e-07 -6.87152122e-07\n",
      "  -2.08110284e-08  9.90574147e-01 -5.56856413e-08  2.72983832e-08\n",
      "  -1.99858381e-07 -4.36131924e-07  1.10575410e-07 -1.69146906e-07\n",
      "   2.52910967e-07  1.72408416e-07  4.24707434e-07  2.48836753e-07\n",
      "   5.81012048e-09 -3.12812259e-07 -5.40408530e-07 -1.59314192e-09\n",
      "   9.01191575e-09  1.31782077e+00 -1.88875065e-04]\n",
      " [-4.49559354e+03 -1.57917590e-07 -5.61712542e-08  2.08222823e-07\n",
      "  -1.49883943e-07 -3.71430691e-09 -1.92321129e-07  4.66876480e-07\n",
      "  -1.22760584e-07  1.43932523e-07 -2.71012495e-07 -3.08030793e-07\n",
      "  -9.32993026e-09 -5.56856413e-08  9.18908747e-01  1.22369816e-08\n",
      "  -8.95902137e-08 -1.95505087e-07  4.95676170e-08 -7.58227632e-08\n",
      "   1.13371797e-07  7.72859272e-08  1.90385715e-07  1.11545656e-07\n",
      "   2.60250813e-09 -1.40223693e-07 -2.42248840e-07 -7.16001389e-10\n",
      "   4.04023484e-09  8.09238376e+00 -1.20436362e-02]\n",
      " [-7.97414044e+03  7.74132339e-08  2.75362314e-08 -1.02074090e-07\n",
      "   7.34768576e-08  1.81873469e-09  9.42772423e-08 -2.28868873e-07\n",
      "   6.01797988e-08 -7.05581079e-08  1.32856777e-07  1.51001088e-07\n",
      "   4.57376644e-09  2.72983832e-08  1.22369816e-08  8.37806337e-01\n",
      "   4.39192359e-08  9.58400923e-08 -2.42982758e-08  3.71693113e-08\n",
      "  -5.55760227e-08 -3.78867152e-08 -9.33299095e-08 -5.46820131e-08\n",
      "  -1.27856415e-09  6.87395645e-08  1.18754919e-07  3.48799499e-10\n",
      "  -1.98213320e-09 -6.83597978e-01 -1.60533952e-04]\n",
      " [ 4.95382263e+02 -5.66782426e-07 -2.01603378e-07  7.47333898e-07\n",
      "  -5.37940961e-07 -1.33305004e-08 -6.90252245e-07  1.67565523e-06\n",
      "  -4.40591030e-07  5.16593950e-07 -9.72691465e-07 -1.10554409e-06\n",
      "  -3.34866511e-08 -1.99858381e-07 -8.95902137e-08  4.39192359e-08\n",
      "   7.67821497e-01 -7.01687755e-07  1.77903494e-07 -2.72138169e-07\n",
      "   4.06904457e-07  2.77387243e-07  6.83307875e-07  4.00346749e-07\n",
      "   9.34748885e-09 -5.03277736e-07 -8.69454873e-07 -2.56391629e-09\n",
      "   1.45028960e-08 -8.56711290e-01 -7.15174876e-03]\n",
      " [-2.95615851e+03 -1.23682385e-06 -4.39932917e-07  1.63083096e-06\n",
      "  -1.17389397e-06 -2.90895358e-08 -1.50626904e-06  3.65661202e-06\n",
      "  -9.61451533e-07  1.12730581e-06 -2.12260508e-06 -2.41251589e-06\n",
      "  -7.30705547e-08 -4.36131924e-07 -1.95505087e-07  9.58400923e-08\n",
      "  -7.01687755e-07  7.21374449e-01  3.88220654e-07 -5.93858946e-07\n",
      "   8.87942481e-07  6.05316228e-07  1.49110975e-06  8.73634465e-07\n",
      "   2.03974660e-08 -1.09824993e-06 -1.89731940e-06 -5.60084472e-09\n",
      "   3.16483338e-08  1.55300946e+00 -1.15152215e-02]\n",
      " [ 3.59971505e+03  3.13580410e-07  1.11539980e-07 -4.13477512e-07\n",
      "   2.97624042e-07  7.37660019e-09  3.81895960e-07 -9.27087328e-07\n",
      "   2.43765249e-07 -2.85813451e-07  5.38156999e-07  6.11660711e-07\n",
      "   1.85238335e-08  1.10575410e-07  4.95676170e-08 -2.42982758e-08\n",
      "   1.77903494e-07  3.88220654e-07  7.02541727e-01  1.50567400e-07\n",
      "  -2.25126240e-07 -1.53471141e-07 -3.78050656e-07 -2.21499953e-07\n",
      "  -5.16959847e-09  2.78447771e-07  4.81040300e-07  1.41823185e-09\n",
      "  -8.02275483e-09  7.47385649e+00 -3.88049126e-03]\n",
      " [ 1.12018027e+03 -4.79688502e-07 -1.70622583e-07  6.32491793e-07\n",
      "  -4.55277756e-07 -1.12813352e-08 -5.84182238e-07  1.41815717e-06\n",
      "  -3.72882454e-07  4.37207868e-07 -8.23220007e-07 -9.35657785e-07\n",
      "  -2.83402044e-08 -1.69146906e-07 -7.58227632e-08  3.71693113e-08\n",
      "  -2.72138169e-07 -5.93858946e-07  1.50567400e-07  6.62664033e-01\n",
      "   3.44376996e-07  2.34761908e-07  5.78303848e-07  3.38825462e-07\n",
      "   7.91190928e-09 -4.25939636e-07 -7.35845511e-07 -2.17274824e-09\n",
      "   1.22750425e-08 -1.14326683e+01  1.17583587e-03]\n",
      " [-1.86230616e+03  7.17228090e-07  2.55116619e-07 -9.45706831e-07\n",
      "   6.80730897e-07  1.68687649e-08  8.73473624e-07 -2.12043849e-06\n",
      "   5.57539706e-07 -6.53716990e-07  1.23088755e-06  1.39900348e-06\n",
      "   4.23747248e-08  2.52910967e-07  1.13371797e-07 -5.55760227e-08\n",
      "   4.06904457e-07  8.87942481e-07 -2.25126240e-07  3.44376996e-07\n",
      "   5.94326966e-01 -3.51020484e-07 -8.64683814e-07 -5.06620137e-07\n",
      "  -1.18283840e-08  6.36868482e-07  1.10024388e-06  3.24669746e-09\n",
      "  -1.83508022e-08  6.54451285e+01  6.43183246e-04]\n",
      " [ 1.56036908e+03  4.88932413e-07  1.73916330e-07 -6.44693060e-07\n",
      "   4.64056053e-07  1.14978567e-08  5.95453750e-07 -1.44551454e-06\n",
      "   3.80073748e-07 -4.45639897e-07  8.39098859e-07  9.53706056e-07\n",
      "   2.88861225e-08  1.72408416e-07  7.72859272e-08 -3.78867152e-08\n",
      "   2.77387243e-07  6.05316228e-07 -1.53471141e-07  2.34761908e-07\n",
      "  -3.51020484e-07  5.39527183e-01 -5.89461030e-07 -3.45361239e-07\n",
      "  -8.06281692e-09  4.34155160e-07  7.50041137e-07  2.21367006e-09\n",
      "  -1.25098492e-08  1.94739915e+01  1.23272387e-03]\n",
      " [ 4.96443643e+03  1.20443187e-06  4.28411578e-07 -1.58811455e-06\n",
      "   1.14314492e-06  2.83284576e-08  1.46681286e-06 -3.56083105e-06\n",
      "   9.36265204e-07 -1.09777856e-06  2.06700436e-06  2.34932202e-06\n",
      "   7.11537793e-08  4.24707434e-07  1.90385715e-07 -9.33299095e-08\n",
      "   6.83307875e-07  1.49110975e-06 -3.78050656e-07  5.78303848e-07\n",
      "  -8.64683814e-07 -5.89461030e-07  5.26643152e-01 -8.50751027e-07\n",
      "  -1.98646978e-08  1.06948456e-06  1.84762096e-06  5.45364090e-09\n",
      "  -3.08173919e-08 -1.17624626e+01  2.42733130e-05]\n",
      " [ 1.51650147e+03  7.05666150e-07  2.50999754e-07 -9.30465284e-07\n",
      "   6.69759969e-07  1.66002274e-08  8.59399001e-07 -2.08627917e-06\n",
      "   5.48555969e-07 -6.43184294e-07  1.21105022e-06  1.37645924e-06\n",
      "   4.16892747e-08  2.48836753e-07  1.11545656e-07 -5.46820131e-08\n",
      "   4.00346749e-07  8.73634465e-07 -2.21499953e-07  3.38825462e-07\n",
      "  -5.06620137e-07 -3.45361239e-07 -8.50751027e-07  3.89951532e-01\n",
      "  -1.16374651e-08  6.26604952e-07  1.08251344e-06  3.19761409e-09\n",
      "  -1.80558308e-08 -1.75923192e+01 -6.96296356e-05]\n",
      " [-4.65411673e+02  1.64754856e-08  5.86136169e-09 -2.17224269e-08\n",
      "   1.56363024e-08  3.87291873e-10  2.00674178e-08 -4.87144373e-08\n",
      "   1.28074586e-08 -1.50171444e-08  2.82772555e-08  3.21382481e-08\n",
      "   9.71652589e-10  5.81012048e-09  2.60250813e-09 -1.27856415e-09\n",
      "   9.34748885e-09  2.03974660e-08 -5.16959847e-09  7.91190928e-09\n",
      "  -1.18283840e-08 -8.06281692e-09 -1.98646978e-08 -1.16374651e-08\n",
      "   3.66809658e-01  1.46294113e-08  2.52761179e-08  7.49870948e-11\n",
      "  -4.18844157e-10  7.79570993e-01 -1.81612314e-04]\n",
      " [-5.76974530e+03 -8.87100662e-07 -3.15540442e-07  1.16969902e-06\n",
      "  -8.41962810e-07 -2.08632854e-08 -1.08035927e-06  2.62266974e-06\n",
      "  -6.89594275e-07  8.08549154e-07 -1.52241610e-06 -1.73035472e-06\n",
      "  -5.24078085e-08 -3.12812259e-07 -1.40223693e-07  6.87395645e-08\n",
      "  -5.03277736e-07 -1.09824993e-06  2.78447771e-07 -4.25939636e-07\n",
      "   6.36868482e-07  4.34155160e-07  1.06948456e-06  6.26604952e-07\n",
      "   1.46294113e-08  2.71730993e-01 -1.36083415e-06 -4.01695640e-09\n",
      "   2.26976064e-08 -6.23687996e+00  7.15999870e-05]\n",
      " [-9.48004661e+02 -1.53253969e-06 -5.45121013e-07  2.02074868e-06\n",
      "  -1.45456233e-06 -3.60449735e-08 -1.86640413e-06  4.53087599e-06\n",
      "  -1.19132675e-06  1.39683638e-06 -2.63010200e-06 -2.98932763e-06\n",
      "  -9.05396601e-08 -5.40408530e-07 -2.42248840e-07  1.18754919e-07\n",
      "  -8.69454873e-07 -1.89731940e-06  4.81040300e-07 -7.35845511e-07\n",
      "   1.10024388e-06  7.50041137e-07  1.84762096e-06  1.08251344e-06\n",
      "   2.52761179e-08 -1.36083415e-06  2.32541358e-01 -6.93893448e-09\n",
      "   3.92128886e-08 -3.86568088e-01  8.92170581e-05]\n",
      " [-9.84182885e+01 -4.51763024e-09 -1.60970971e-09  5.96163783e-09\n",
      "  -4.29431626e-09 -1.07578390e-10 -5.50834330e-09  1.33673261e-08\n",
      "  -3.51817179e-09  4.12417151e-09 -7.76268535e-09 -8.82533919e-09\n",
      "  -2.67009543e-10 -1.59314192e-09 -7.16001389e-10  3.48799499e-10\n",
      "  -2.56391629e-09 -5.60084472e-09  1.41823185e-09 -2.17274824e-09\n",
      "   3.24669746e-09  2.21367006e-09  5.45364090e-09  3.19761409e-09\n",
      "   7.49870948e-11 -4.01695640e-09 -6.93893448e-09  1.62919763e-01\n",
      "   1.15159358e-10  2.91013220e+00  2.94667557e-04]\n",
      " [-1.47548540e+02  2.55625688e-08  9.09413499e-09 -3.37040617e-08\n",
      "   2.42611607e-08  6.05840102e-10  3.11318881e-08 -7.55761448e-08\n",
      "   1.98723941e-08 -2.33001204e-08  4.38726400e-08  4.98613739e-08\n",
      "   1.50777802e-09  9.01191575e-09  4.04023484e-09 -1.98213320e-09\n",
      "   1.45028960e-08  3.16483338e-08 -8.02275483e-09  1.22750425e-08\n",
      "  -1.83508022e-08 -1.25098492e-08 -3.08173919e-08 -1.80558308e-08\n",
      "  -4.18844157e-10  2.26976064e-08  3.92128886e-08  1.15159358e-10\n",
      "   1.08955343e-01  8.46919852e-01  1.30715158e-04]\n",
      " [-1.25896637e+05 -1.11556717e+02 -2.19486118e+02 -7.99761473e+01\n",
      "   3.49649076e+01 -1.33381253e+02  7.19714776e+01  1.22936564e+02\n",
      "  -3.07929121e+01 -1.21585103e+01 -2.76431036e+01  2.70155069e-02\n",
      "  -2.38468477e+00  1.31782077e+00  8.09238376e+00 -6.83597978e-01\n",
      "  -8.56711290e-01  1.55300946e+00  7.47385649e+00 -1.14326683e+01\n",
      "   6.54451285e+01  1.94739915e+01 -1.17624626e+01 -1.75923192e+01\n",
      "   7.79570993e-01 -6.23687996e+00 -3.86568088e-01  2.91013220e+00\n",
      "   8.46919852e-01  6.25602306e+04  5.84967945e-02]\n",
      " [-2.43003290e+01 -8.24353349e-03  6.26006741e-03 -1.21499730e-02\n",
      "   7.84634204e-03 -5.44373401e-03 -2.41459098e-03 -9.61996092e-03\n",
      "   9.85769717e-04 -4.45888112e-03 -9.80680800e-03  6.56478389e-03\n",
      "  -1.08130877e-02 -1.88875065e-04 -1.20436362e-02 -1.60533952e-04\n",
      "  -7.15174876e-03 -1.15152215e-02 -3.88049126e-03  1.17583587e-03\n",
      "   6.43183246e-04  1.23272387e-03  2.42733130e-05 -6.96296356e-05\n",
      "  -1.81612314e-04  7.15999870e-05  8.92170581e-05  2.94667557e-04\n",
      "   1.30715158e-04  5.84967945e-02  1.72451352e-03]]\n"
     ]
    }
   ],
   "source": [
    "# 统计正常值和异常值的个数\n",
    "normal_count = data['Class'].value_counts()[0]\n",
    "fraud_count = data['Class'].value_counts()[1]\n",
    "\n",
    "print('正常值个数:', normal_count)\n",
    "print('异常值个数:', fraud_count)\n",
    "\n",
    "# 分析正常值和异常值的特征\n",
    "normal_data = data[data['Class'] == 0]\n",
    "fraud_data = data[data['Class'] == 1]\n",
    "\n",
    "normal_data_mean = normal_data.mean()\n",
    "fraud_data_mean = fraud_data.mean()\n",
    "\n",
    "print('正常值的特征:')\n",
    "print(normal_data_mean)\n",
    "print('异常值的特征:')\n",
    "print(fraud_data_mean)\n",
    "\n",
    "# 计算数据协方差矩阵\n",
    "cov_matrix = np.cov(data, rowvar=False)\n",
    "print('协方差矩阵:')\n",
    "print(cov_matrix)"
   ],
   "metadata": {
    "collapsed": false,
    "ExecuteTime": {
     "end_time": "2023-05-11T03:18:08.164090600Z",
     "start_time": "2023-05-11T03:18:08.017780400Z"
    }
   }
  },
  {
   "cell_type": "markdown",
   "source": [
    "可视化"
   ],
   "metadata": {
    "collapsed": false
   }
  },
  {
   "cell_type": "code",
   "execution_count": 33,
   "outputs": [
    {
     "data": {
      "text/plain": "<Figure size 640x480 with 1 Axes>",
